[gd_scene format=3 uid="uid://bt4ygfe5wcduv"]

[ext_resource type="PackedScene" uid="uid://b25akr8pwv23f" path="res://scenes/actors/minion/minion_actor.tscn" id="1_dg2bp"]
[ext_resource type="Resource" uid="uid://ygoo7nq2bckp" path="res://data/minions/holy_knight.tres" id="2_1mkce"]
[ext_resource type="PackedScene" uid="uid://d1f2d2crfxy8x" path="res://assets/characters/accessories/sword.fbx" id="5_1bv10"]
[ext_resource type="PackedScene" uid="uid://bidn045ba3hab" path="res://assets/characters/holy-knight/holy_knight.tscn" id="5_xm1ks"]
[ext_resource type="Script" uid="uid://cr7oh6l6iom5q" path="res://scripts/combat/attack_hitbox.gd" id="6_hitbox"]
[ext_resource type="PackedScene" uid="uid://dgix6mftq858j" path="res://assets/characters/accessories/shield.fbx" id="7_n7oqg"]
[ext_resource type="Script" uid="uid://cnkysqgjb1adr" path="res://scripts/combat/hurtbox.gd" id="8_hurt"]

[sub_resource type="CapsuleShape3D" id="CapsuleShape3D_hk_impact"]
radius = 0.19726563
height = 2.3931396

[sub_resource type="CapsuleShape3D" id="CapsuleShape3D_hk_hurt"]
radius = 0.4
height = 2.8598633

[node name="HolyKnight" unique_id=336466554 instance=ExtResource("1_dg2bp")]
minion_type = ExtResource("2_1mkce")

[node name="HolyKnight" parent="Model" index="0" unique_id=1068379943 instance=ExtResource("5_xm1ks")]

[node name="Skeleton3D" parent="Model/HolyKnight/Root" parent_id_path=PackedInt32Array(1068379943, 888430599) index="0" unique_id=1590710455]
bones/0/position = Vector3(0.20420879, 0.19320482, 0.31866843)
bones/0/rotation = Quaternion(-0.60583276, 6.177425e-08, 0.79559207, -4.106114e-08)
bones/1/rotation = Quaternion(-0.50751287, 0.5082272, -0.4919074, -0.49210063)
bones/2/rotation = Quaternion(0.01573586, -0.0020790698, 0.99462473, -0.10232179)
bones/3/rotation = Quaternion(0.94612885, -0.021870835, 0.075502574, -0.314104)
bones/9/position = Vector3(-0.20752048, 0.1932048, -0.29025126)
bones/9/rotation = Quaternion(-0.8571013, 3.7002657e-08, 0.51514786, -5.2330755e-08)
bones/10/rotation = Quaternion(-0.50768626, 0.50790143, -0.49172845, -0.4924368)
bones/12/rotation = Quaternion(0.9481119, 0.011444953, -0.044093158, -0.31465653)
bones/16/position = Vector3(-0.61795783, -0.5867004, -0.029198227)
bones/18/position = Vector3(-4.9915747e-05, 1.4820565, 0.10399981)
bones/18/rotation = Quaternion(9.301512e-05, -3.619722e-08, 0.99999905, -0.001443072)
bones/19/rotation = Quaternion(5.290119e-05, -0.027772395, 0.9996133, 0.0014450961)
bones/20/rotation = Quaternion(-0.004308349, -0.16235647, -0.009739767, 0.9866748)
bones/21/rotation = Quaternion(0.062348425, -0.044852857, -0.0028048109, 0.9970421)
bones/22/rotation = Quaternion(0.09409423, 1.7699149e-08, -4.0290744e-09, 0.9955634)
bones/23/rotation = Quaternion(0.07661573, -2.449796e-10, 1.0018798e-08, 0.9970607)
bones/26/rotation = Quaternion(0.5976561, 0.3955079, 0.5656468, -0.40795133)
bones/27/rotation = Quaternion(-0.43005303, 0.5838093, -0.11456026, 0.6790413)
bones/28/rotation = Quaternion(0.35282868, -0.06686371, -0.17146477, 0.91740996)
bones/31/rotation = Quaternion(0.7716675, 0.046640508, 0.0019655824, 0.6343107)
bones/32/rotation = Quaternion(0.4109353, -0.027859328, 0.012505371, 0.911153)
bones/34/rotation = Quaternion(-0.2130612, 0.6950391, 0.35843116, 0.5857071)
bones/35/rotation = Quaternion(0.6606484, -0.0754557, 0.119352, 0.737296)
bones/37/rotation = Quaternion(0.6781864, -0.48571005, 0.46352893, 0.29881403)
bones/38/rotation = Quaternion(0.14349973, 0.9376446, 0.3152827, -0.028763361)
bones/39/rotation = Quaternion(-0.067825556, -0.021080049, 0.3517954, 0.9333785)
bones/40/rotation = Quaternion(-0.010813474, 0.1092944, -0.033285607, 0.9933931)
bones/42/rotation = Quaternion(-0.86272854, 0.039891392, 0.015770048, 0.50384474)
bones/43/rotation = Quaternion(-0.4109373, -0.027858159, -0.012504933, 0.91115206)
bones/45/rotation = Quaternion(-0.23101969, 0.802493, -0.34712726, -0.42677593)
bones/46/rotation = Quaternion(-0.5951428, 0.045921836, 0.31065425, 0.73972315)
bones/48/rotation = Quaternion(0.95812136, 0.06284128, 0.036587823, 0.2769763)
bones/48/scale = Vector3(1.0000511, 1.0000007, 1.0000037)
bones/49/rotation = Quaternion(0.3602466, 0.030296216, 0.13449323, 0.92261374)
bones/50/rotation = Quaternion(-0.47897112, -0.20086172, -0.20628415, 0.8292697)
bones/50/scale = Vector3(1.0000213, 0.99998355, 0.99999505)
bones/53/rotation = Quaternion(0.9799862, -0.11000214, 0.1397459, -0.08943071)
bones/54/rotation = Quaternion(0.23567845, 0.011255157, -0.100367524, 0.9665689)
bones/55/rotation = Quaternion(-0.6646545, 0.13397425, 0.04080525, 0.7339076)
bones/56/rotation = Quaternion(0.028260726, 0.95394117, -0.29757366, -0.025447698)

[node name="RightHand" type="BoneAttachment3D" parent="Model/HolyKnight/Root/Skeleton3D" index="1" unique_id=1614943358]
transform = Transform3D(0.07286525, -0.1859464, -0.9798546, -0.25272718, -0.95384187, 0.16221647, -0.96478957, 0.23581617, -0.11649578, -0.526801, 1.3128012, -0.03537877)
bone_name = "RightHand"
bone_idx = 40

[node name="sword" parent="Model/HolyKnight/Root/Skeleton3D/RightHand" index="0" unique_id=1582312483 instance=ExtResource("5_1bv10")]
transform = Transform3D(-0.24690095, -0.9593586, 0.13664101, 0.94453263, -0.20674004, 0.25517994, -0.21655986, 0.19206594, 0.9571902, -0.13385573, 0.10125518, -0.07218957)

[node name="AttackHitbox" type="Area3D" parent="Model/HolyKnight/Root/Skeleton3D/RightHand" index="1" unique_id=1288259838]
unique_name_in_owner = true
collision_layer = 0
collision_mask = 12
monitorable = false
script = ExtResource("6_hitbox")

[node name="Impact" type="CollisionShape3D" parent="Model/HolyKnight/Root/Skeleton3D/RightHand/AttackHitbox" index="0" unique_id=323313592]
transform = Transform3D(-0.24690172, -0.95935875, 0.13664119, 0.94453216, -0.20674016, 0.2551799, -0.2165598, 0.19206601, 0.9571878, -0.9539808, -0.03443432, 0.07155657)
shape = SubResource("CapsuleShape3D_hk_impact")
disabled = true

[node name="LeftHand" type="BoneAttachment3D" parent="Model/HolyKnight/Root/Skeleton3D" index="2" unique_id=2138678612]
transform = Transform3D(0.06621719, 0.20073609, -0.97740465, -0.19440064, -0.95818824, -0.20995961, -0.97868437, 0.20391107, -0.024425348, 0.5139298, 1.3410388, 0.17227304)
bone_name = "LeftHand"
bone_idx = 29

[node name="shield" parent="Model/HolyKnight/Root/Skeleton3D/LeftHand" index="0" unique_id=1936602786 instance=ExtResource("7_n7oqg")]
transform = Transform3D(-0.88448304, 0.4590233, -0.08359182, 0.3993072, 0.837392, 0.37326735, 0.24133754, 0.2967699, -0.92395043, 0.0059538186, 0.012197733, -0.07399756)

[node name="Hurtbox" type="Area3D" parent="." index="4" unique_id=583279890]
unique_name_in_owner = true
transform = Transform3D(1, 0, 0, 0, 1, 0, 0, 0, 1, 0, 1, 0)
collision_layer = 8
collision_mask = 0
monitoring = false
script = ExtResource("8_hurt")

[node name="CollisionShape3D" type="CollisionShape3D" parent="Hurtbox" index="0" unique_id=1703808956]
shape = SubResource("CapsuleShape3D_hk_hurt")

[editable path="Model/HolyKnight"]
