[gd_scene format=3 uid="uid://c1yierr4q72pf"]

[ext_resource type="PackedScene" uid="uid://twkv4hspfoay" path="res://assets/characters/large-male/large_male.tscn" id="1_hgdby"]
[ext_resource type="Material" uid="uid://cfolrc1jr61go" path="res://assets/characters/skins/zombie_skin_material.tres" id="2_zombie_mat"]

[sub_resource type="Skin" id="Skin_xfig7"]
resource_name = "Skin"
bind_count = 58
bind/0/name = &"LeftFootCtrl"
bind/0/bone = -1
bind/0/pose = Transform3D(-5.2054855e-07, -2.7283895e-07, -1, 9.291037e-09, -1.0000001, 2.7283895e-07, -1, 1.4202592e-13, 5.2054855e-07, -0.111170396, 0.20890647, 0.3036328)
bind/1/name = &"LeftHeelRoll"
bind/1/bone = -1
bind/1/pose = Transform3D(-0.999497, 0.03171128, 0.00053584314, 0.000506963, -0.00091548736, 0.99999946, 0.031711742, 0.99949676, 0.0008989503, 0.32488698, 0.18188438, -0.03916068)
bind/2/name = &"LeftToeRoll"
bind/2/bone = -1
bind/2/pose = Transform3D(0.97895384, 2.2194804e-07, -0.20410642, -0.2041063, -1.218451e-07, -0.9789488, -6.198759e-07, 1.0000001, -3.3204334e-08, -0.32175446, 0.19466482, -0.028856214)
bind/3/name = &"LeftFootIK"
bind/3/bone = -1
bind/3/pose = Transform3D(0.98498404, 0.12913068, -0.11463733, 0.16955525, -0.59766835, 0.78360933, 0.032674048, -0.79127616, -0.61058563, -0.33879387, 0.16048865, 0.087502606)
bind/4/name = &"LeftFootIK_end"
bind/4/bone = -1
bind/4/pose = Transform3D(0.984984, 0.12913132, -0.11463682, 0.16955523, -0.5976684, 0.78360933, 0.032674845, -0.79127604, -0.61058575, -0.33879393, -0.14076562, 0.08750233)
bind/5/name = &"LeftFootRollCtrl"
bind/5/bone = -1
bind/5/pose = Transform3D(1, -3.8539457e-15, 1.4438206e-21, -1.7413582e-08, -3.746344e-07, -1.0000001, -9.291037e-09, 1.0000001, -3.746344e-07, -0.3036327, -0.11117051, -0.20890658)
bind/6/name = &"LeftFootRollCtrl_end"
bind/6/bone = -1
bind/6/pose = Transform3D(1, 2.0058888e-09, -7.351816e-16, -1.7413582e-08, -3.6651164e-07, -1.0000001, -1.12969305e-08, 1.0000001, -3.6651164e-07, -0.3036327, -0.40393722, -0.20890658)
bind/7/name = &"LeftKneeCtrl"
bind/7/bone = -1
bind/7/pose = Transform3D(1, -1.769651e-07, 3.1786577e-08, 1.6767407e-07, 1.0000001, -4.498041e-07, -3.178651e-08, 4.498041e-07, 1, -0.27499172, -0.7503728, -0.5067874)
bind/8/name = &"LeftKneeCtrl_end"
bind/8/bone = -1
bind/8/pose = Transform3D(1, 1.4297698e-14, 3.17865e-08, -9.291038e-09, 1.0000001, -3.3988582e-07, -3.178651e-08, 3.3988582e-07, 1, -0.2749919, -1.0871886, -0.50678724)
bind/9/name = &"RightFootCtrl"
bind/9/bone = -1
bind/9/pose = Transform3D(-5.2054855e-07, -2.7283895e-07, -1, 9.291037e-09, -1.0000001, 2.7283895e-07, -1, 1.4202592e-13, 5.2054855e-07, -0.11117071, 0.20890647, -0.30159485)
bind/10/name = &"RightHeelRoll"
bind/10/bone = -1
bind/10/pose = Transform3D(-0.99949664, 0.03172421, -0.0004775731, -0.0005069743, -0.0009154871, 0.9999996, 0.031723745, 0.99949634, 0.00093110965, -0.3246794, 0.18188542, -0.018547542)
bind/11/name = &"RightToeRoll"
bind/11/bone = -1
bind/11/pose = Transform3D(0.9789454, 2.5056815e-07, 0.20410432, 0.20410444, -1.4319824e-07, -0.9789492, -2.1881137e-08, 1.0000001, -1.6748277e-07, 0.3197568, 0.19424827, -0.028856428)
bind/12/name = &"RightFootIK"
bind/12/bone = -1
bind/12/pose = Transform3D(0.98497534, -0.076407164, 0.15484828, -0.16955379, -0.5976683, 0.78360975, 0.03267478, -0.7980943, -0.6016459, 0.33023998, 0.1608347, 0.10969624)
bind/13/name = &"RightFootIK_end"
bind/13/bone = -1
bind/13/pose = Transform3D(0.9849754, -0.07640653, 0.15484858, -0.16955364, -0.59766835, 0.78360987, 0.032675453, -0.7980944, -0.60164577, 0.33023995, -0.1404196, 0.10969646)
bind/14/name = &"RightFootRollCtrl"
bind/14/bone = -1
bind/14/pose = Transform3D(1, -3.8539457e-15, 1.4438206e-21, -1.7413582e-08, -3.746344e-07, -1.0000001, -9.291037e-09, 1.0000001, -3.746344e-07, 0.30159488, -0.11117053, -0.20890658)
bind/15/name = &"RightFootRollCtrl_end"
bind/15/bone = -1
bind/15/pose = Transform3D(1, 2.0058888e-09, -7.351816e-16, -1.7413582e-08, -3.6651164e-07, -1.0000001, -1.12969305e-08, 1.0000001, -3.6651164e-07, 0.30159488, -0.40393722, -0.20890658)
bind/16/name = &"RightKneeCtrl"
bind/16/bone = -1
bind/16/pose = Transform3D(1, -1.769651e-07, 3.1786577e-08, 1.6767407e-07, 1.0000001, -4.498041e-07, -3.178651e-08, 4.498041e-07, 1, 0.27295396, -0.7503727, -0.5067874)
bind/17/name = &"RightKneeCtrl_end"
bind/17/bone = -1
bind/17/pose = Transform3D(1, 1.4297698e-14, 3.17865e-08, -9.291038e-09, 1.0000001, -3.3988582e-07, -3.178651e-08, 3.3988582e-07, 1, 0.27295378, -1.0871886, -0.50678724)
bind/18/name = &"HipsCtrl"
bind/18/bone = -1
bind/18/pose = Transform3D(-0.9999958, -0.0028861384, 0.0001860321, 0.0028861393, -0.99999595, -1.3921111e-07, 0.00018603144, 4.2213088e-07, 0.99999994, 0.005508222, 1.7208791, -0.068880215)
bind/19/name = &"Hips"
bind/19/bone = -1
bind/19/pose = Transform3D(1, -7.4671336e-10, -1.3096714e-10, -5.0933857e-10, 1.0000002, -1.384936e-07, -1.7462298e-10, 1.629207e-07, 1, -0.0010189163, -1.398937, -0.06887963)
bind/20/name = &"Spine"
bind/20/bone = -1
bind/20/pose = Transform3D(1, -1.307557e-08, 2.685557e-07, 2.906019e-08, 0.99793625, -0.06421551, -2.6754736e-07, 0.06421555, 0.99793607, -0.0010189128, -1.712914, -0.17924498)
bind/21/name = &"Chest"
bind/21/bone = -1
bind/21/pose = Transform3D(1, -2.7057911e-08, -2.3660904e-07, -1.6607766e-09, 0.99330914, -0.11548704, 2.377021e-07, 0.115487084, 0.99330896, -0.0010188577, -1.9124962, -0.27803588)
bind/22/name = &"UpperChest"
bind/22/bone = -1
bind/22/pose = Transform3D(1, -1.0599825e-08, -2.3711618e-07, -3.2347194e-10, 0.9991678, -0.0407898, 2.369946e-07, 0.040789846, 0.99916774, -0.0010188938, -2.1868308, -0.11462076)
bind/23/name = &"Neck"
bind/23/bone = -1
bind/23/pose = Transform3D(1, 7.990966e-08, -2.269709e-07, -1.2862671e-09, 0.943248, 0.33208936, 2.4075578e-07, -0.33208933, 0.9432479, -0.0010191179, -2.340917, 0.8097519)
bind/24/name = &"Head"
bind/24/bone = -1
bind/24/pose = Transform3D(1, 2.3946086e-08, -2.3818558e-07, -1.5063666e-09, 0.99507844, 0.099090934, 2.3920649e-07, -0.09909086, 0.9950783, -0.0010189735, -2.5620747, 0.2085115)
bind/25/name = &"Head_end"
bind/25/bone = -1
bind/25/pose = Transform3D(1, 2.3946086e-08, -2.3818558e-07, -1.5063701e-09, 0.99507844, 0.09909091, 2.3920646e-07, -0.09909084, 0.9950783, -0.0010189735, -3.0766828, 0.20851144)
bind/26/name = &"LeftShoulder"
bind/26/bone = -1
bind/26/pose = Transform3D(0.08872614, -0.0016992356, 0.99605465, 0.9044659, -0.41873002, -0.08128199, 0.417216, 0.9081095, -0.035615347, -0.07244492, 0.931639, -2.2182918)
bind/27/name = &"LeftArm"
bind/27/bone = -1
bind/27/pose = Transform3D(-0.08108162, -0.9966992, -0.004127434, 0.9964218, -0.08095853, -0.024287593, 0.023873217, -0.006081876, 0.9996967, 2.3422756, -0.060678627, -0.046124905)
bind/28/name = &"LeftForeArm"
bind/28/bone = -1
bind/28/pose = Transform3D(-0.11148068, -0.9932616, -0.03168919, 0.9887312, -0.11406553, 0.09695501, -0.09991635, -0.020523405, 0.9947843, 2.3587883, -0.4984927, 0.08169331)
bind/29/name = &"LeftHand"
bind/29/bone = -1
bind/29/pose = Transform3D(0.0060842363, 0.07996987, -0.9967788, 0.99711835, -0.075864576, -2.4167835e-07, -0.075620174, -0.99390644, -0.08020103, -0.10950327, -0.9513149, 2.3236408)
bind/30/name = &"LeftHandIndex1"
bind/30/bone = -1
bind/30/pose = Transform3D(-0.01714191, -0.07299296, -0.9971851, 0.9735153, -0.22862297, -1.2665993e-07, -0.22797938, -0.970775, 0.07497868, 0.26165858, -0.7045723, 2.4502203)
bind/31/name = &"LeftHandIndex2"
bind/31/bone = -1
bind/31/pose = Transform3D(0.10622937, 0.025148997, -0.9940235, 0.9381687, -0.3337812, 0.0918154, -0.32947728, -0.94231546, -0.05905144, -0.120890416, -0.52054393, 2.5330746)
bind/32/name = &"LeftHandIndex3"
bind/32/bone = -1
bind/32/pose = Transform3D(0.063916184, -0.04052223, -0.9971322, 0.85428447, -0.5142705, 0.07565881, -0.51586145, -0.85667056, 0.001747225, 0.083281815, -0.10854198, 2.6079931)
bind/33/name = &"LeftHandIndex3_end"
bind/33/bone = -1
bind/33/pose = Transform3D(0.06391925, -0.04051748, -0.9971321, 0.8542871, -0.51426595, 0.075658984, -0.5158566, -0.8566734, 0.0017419833, 0.08326701, -0.20890814, 2.6079924)
bind/34/name = &"LeftHandThumb1"
bind/34/bone = -1
bind/34/pose = Transform3D(0.13655701, 0.93967915, 0.3136174, 0.30888417, -0.34118932, 0.8877954, 0.9412457, -0.024363296, -0.33684367, -2.2979658, 0.26431125, -1.0259492)
bind/35/name = &"LeftHandThumb2"
bind/35/bone = -1
bind/35/pose = Transform3D(0.19358112, 0.92845535, 0.31701368, 0.6240123, -0.36586213, 0.6904736, 0.7570572, 0.06415768, -0.6501913, -2.3443637, -0.128853, -0.9196496)
bind/36/name = &"LeftHandThumb2_end"
bind/36/bone = -1
bind/36/pose = Transform3D(0.1935719, 0.92845637, 0.3170163, 0.6240128, -0.36585817, 0.6904751, 0.7570591, 0.06416557, -0.65018845, -2.3443546, -0.2557682, -0.91967)
bind/37/name = &"RightShoulder"
bind/37/bone = -1
bind/37/pose = Transform3D(0.088726565, -0.37108243, 0.9243512, -0.90446573, -0.4187297, -0.08128211, 0.41721576, -0.82883245, -0.37278402, 0.8363166, 0.9334813, 2.0549557)
bind/38/name = &"RightArm"
bind/38/bone = -1
bind/38/pose = Transform3D(0.030686464, -0.07875635, -0.99642146, -0.9964215, -0.08095884, -0.024287572, -0.0787564, 0.9936011, -0.08095871, 0.24521583, -0.058647633, -2.3296938)
bind/39/name = &"RightForeArm"
bind/39/bone = -1
bind/39/pose = Transform3D(-0.11148017, 0.12874117, -0.98539215, -0.9887307, -0.114066, 0.096955135, -0.09991768, 0.9850961, 0.14000657, -0.33826426, -0.4964765, -2.3356)
bind/40/name = &"RightHand"
bind/40/bone = -1
bind/40/pose = Transform3D(0.0060844654, -0.07996784, -0.9967789, -0.9971179, -0.07586641, -9.9651494e-08, -0.075622074, 0.99390596, -0.08019891, 0.2634042, -0.9492783, -2.3111038)
bind/41/name = &"RightHandIndex1"
bind/41/bone = -1
bind/41/pose = Transform3D(-0.017141761, 0.07299233, -0.9971852, -0.97351474, -0.22862399, -1.08033404e-07, -0.22798051, 0.9707745, 0.07497823, -0.10764166, -0.70258605, -2.4613335)
bind/42/name = &"RightHandIndex2"
bind/42/bone = -1
bind/42/pose = Transform3D(-0.066472515, -0.08660002, -0.99402297, -0.9381693, -0.33377817, 0.0918164, -0.33973458, 0.93866515, -0.059058297, 0.18001513, -0.51863986, -2.528875)
bind/43/name = &"RightHandIndex3"
bind/43/bone = -1
bind/43/pose = Transform3D(-0.06572018, -0.037525803, -0.9971322, -0.85428643, -0.51426685, 0.075659014, -0.5156313, 0.8568088, 0.0017400121, 0.074293666, -0.10681197, -2.607217)
bind/44/name = &"RightHandIndex3_end"
bind/44/bone = -1
bind/44/pose = Transform3D(-0.06572018, -0.037525807, -0.9971321, -0.85428643, -0.5142668, 0.075659014, -0.51563126, 0.8568088, 0.0017400046, 0.074293666, -0.20716475, -2.607217)
bind/45/name = &"RightHandThumb1"
bind/45/bone = -1
bind/45/pose = Transform3D(0.112243675, 0.9138417, 0.39024967, -0.3088847, -0.3411876, 0.88779616, 0.944453, -0.22019154, 0.24397568, -1.9534594, 0.26493597, 1.58493)
bind/46/name = &"RightHandThumb2"
bind/46/bone = -1
bind/46/pose = Transform3D(0.071784094, 0.8530452, 0.5168764, -0.6240097, -0.3658617, 0.69047624, 0.7781123, -0.37210092, 0.5060457, -1.8997658, -0.12757999, 1.6516659)
bind/47/name = &"RightHandThumb2_end"
bind/47/bone = -1
bind/47/pose = Transform3D(0.07179438, 0.8530422, 0.51687986, -0.62401235, -0.36585787, 0.6904759, 0.77810925, -0.37211156, 0.50604254, -1.899747, -0.2544969, 1.6516854)
bind/48/name = &"LeftUpLeg"
bind/48/bone = -1
bind/48/pose = Transform3D(0.9769119, 0.21125627, -0.0320552, 0.20774007, -0.9741413, -0.0888469, -0.05000085, 0.08013405, -0.9955304, -0.44340104, 1.4228266, -0.04351208)
bind/49/name = &"LeftLeg"
bind/49/bone = -1
bind/49/pose = Transform3D(0.9961059, 0.056530815, 0.06775888, 0.0677531, -0.9818971, -0.17688906, 0.056528408, 0.18078849, -0.98189676, -0.3067265, 0.895756, -0.1640898)
bind/50/name = &"LeftFoot"
bind/50/bone = -1
bind/50/pose = Transform3D(0.9849852, 0.12913273, -0.114635065, 0.1695574, -0.5976674, 0.78361046, 0.03267007, -0.79127765, -0.6105862, -0.33879372, 0.16048828, 0.08750456)
bind/51/name = &"LeftToes"
bind/51/bone = -1
bind/51/pose = Transform3D(-0.9928089, 5.7437952e-05, 0.11975794, 0.11966752, -0.03957158, 0.9920269, 0.0048000324, 0.99921775, 0.039281696, 0.33720103, -0.16520455, -0.03544307)
bind/52/name = &"LeftToes_end"
bind/52/bone = -1
bind/52/pose = Transform3D(-0.9928089, 5.8336223e-05, 0.11975782, 0.11966739, -0.039571658, 0.992027, 0.004800928, 0.99921775, 0.03928166, 0.33720106, -0.37844133, -0.0354434)
bind/53/name = &"RightUpLeg"
bind/53/bone = -1
bind/53/pose = Transform3D(0.9603598, -0.18585548, -0.20774592, -0.20774247, -0.97414035, -0.08884546, -0.18586516, 0.12848282, -0.97413796, 0.41804606, 1.423248, -0.14825395)
bind/54/name = &"RightLeg"
bind/54/bone = -1
bind/54/pose = Transform3D(0.9960955, -0.0565304, -0.06775745, -0.067759074, -0.98189586, -0.1768858, -0.05653529, 0.18078835, -0.98189455, 0.30469364, 0.89589095, -0.16397619)
bind/55/name = &"RightFoot"
bind/55/bone = -1
bind/55/pose = Transform3D(0.9849769, -0.076407894, 0.15484627, -0.16954952, -0.59767073, 0.7836075, 0.03266922, -0.79809225, -0.6016465, 0.3302398, 0.16083597, 0.109694034)
bind/56/name = &"RightToes"
bind/56/bone = -1
bind/56/pose = Transform3D(-0.992801, 0.009571036, -0.119371764, -0.119655296, -0.03957559, 0.9920241, 0.0047723725, 0.9991707, 0.04043472, -0.33550104, -0.16495615, -0.03219931)
bind/57/name = &"RightToes_end"
bind/57/bone = -1
bind/57/pose = Transform3D(-0.992801, 0.009571006, -0.11937179, -0.11965532, -0.0395756, 0.9920241, 0.00477234, 0.9991707, 0.040434726, -0.33550102, -0.3781923, -0.03219932)

[node name="Zombie" unique_id=397539025 instance=ExtResource("1_hgdby")]

[node name="Skeleton3D" parent="Root" parent_id_path=PackedInt32Array(1745516295) index="0" unique_id=1757755038]
bones/0/position = Vector3(0.20420879, 0.22279483, 0.31617582)
bones/0/rotation = Quaternion(-0.6879408, 0.16351564, 0.68794096, -0.16351554)
bones/2/rotation = Quaternion(0.015735859, -0.002079079, 0.99462473, -0.10232175)
bones/9/position = Vector3(-0.20752066, 0.21894206, -0.53634906)
bones/9/rotation = Quaternion(-0.70674545, -0.022598183, 0.7067457, 0.022598179)
bones/11/rotation = Quaternion(0.038336553, 0.22528654, 0.9687763, 0.09617086)
bones/12/rotation = Quaternion(0.94811195, 0.011444967, -0.044093143, -0.31465644)
bones/16/rotation = Quaternion(-0.7071066, 1.2381616e-07, 0.70710695, -1.3170904e-09)
bones/18/position = Vector3(-0.00018681207, 1.5400664, 0.11501955)
bones/18/rotation = Quaternion(7.165862e-05, -0.014792299, 0.9998896, -0.0014442898)
bones/19/rotation = Quaternion(-5.1951094e-05, -0.10013207, 0.9949732, 0.0014451307)
bones/20/rotation = Quaternion(0.076443575, -9.721163e-09, -1.167902e-08, 0.99707395)
bones/21/rotation = Quaternion(0.07478557, 1.03402344e-08, 1.0321795e-08, 0.99719965)
bones/22/rotation = Quaternion(0.09409423, 1.7699149e-08, -4.0290744e-09, 0.9955634)
bones/23/rotation = Quaternion(0.07661573, -2.449796e-10, 1.0018798e-08, 0.9970607)
bones/26/rotation = Quaternion(0.611973, 0.38887495, 0.5242702, -0.44654924)
bones/27/rotation = Quaternion(-0.380724, 0.7338741, -0.2739436, 0.49135846)
bones/28/rotation = Quaternion(0.12913491, -0.009958747, 0.0072387313, 0.99155056)
bones/29/rotation = Quaternion(-0.08171702, 0.73642635, -0.10718801, 0.6629549)
bones/31/rotation = Quaternion(0.8049337, 0.03983927, -0.0063226633, 0.5919921)
bones/32/rotation = Quaternion(0.4109354, -0.02785931, 0.012505363, 0.91115296)
bones/34/rotation = Quaternion(-0.20533757, 0.70315045, 0.3628604, 0.5759759)
bones/35/rotation = Quaternion(0.7289313, -0.055173714, 0.18693654, 0.6562545)
bones/37/rotation = Quaternion(0.6754062, -0.49658394, 0.42957854, 0.33569813)
bones/38/rotation = Quaternion(0.13068926, 0.8225287, 0.4726274, -0.28808033)
bones/39/rotation = Quaternion(0.014090299, -0.03102116, 0.32501808, 0.9450939)
bones/40/rotation = Quaternion(-0.010813451, 0.1092944, -0.03328561, 0.9933931)
bones/42/rotation = Quaternion(-0.804933, 0.039838396, 0.006322492, 0.5919931)
bones/43/rotation = Quaternion(-0.4109373, -0.02785816, -0.012504928, 0.91115206)
bones/45/rotation = Quaternion(-0.2235314, 0.80838114, -0.3519438, -0.41555908)
bones/46/rotation = Quaternion(-0.6402044, 0.028895624, 0.3955053, 0.6579354)
bones/48/rotation = Quaternion(0.96791625, 0.03131374, 0.1629733, 0.18867248)
bones/48/scale = Vector3(1.0000534, 1, 1.0000024)
bones/49/rotation = Quaternion(0.29901695, 0.03110376, 0.11163392, 0.947185)
bones/50/rotation = Quaternion(-0.6430096, -0.191426, -0.20329459, 0.7131382)
bones/50/scale = Vector3(1.0000219, 0.99997634, 1.0000014)
bones/53/rotation = Quaternion(0.9444491, 0.05395811, -0.24896224, -0.207659)
bones/54/rotation = Quaternion(0.19832237, 0.011369937, -0.08445881, 0.97642493)
bones/55/rotation = Quaternion(-0.5052015, 0.27745414, 0.1238994, 0.8077374)
bones/56/rotation = Quaternion(0.021798348, 0.8623327, -0.50491196, -0.031162234)

[node name="characterLargeMale" parent="Root/Skeleton3D" index="0" unique_id=1626034738]
material_override = ExtResource("2_zombie_mat")
skin = SubResource("Skin_xfig7")
